50021
50023
50033
50047
50051
50053
50069
50077
50087
50093
50101
50111
50119
50123
50129
50131
50147
50153
50159
50177
50207
50221
50227
50231
50261
50263
50273
50287
50291
50311
50321
50329
50333
50341
50359
50363
50377
50383
50387
50411
50417
50423
50441
50459
50461
50497
50503
50513
50527
50539
50543
50549
50551
56263
50581
56267
50587
56269
50591
56299
50593
56311
50599
56333
50627
56359
50647
56369
50651
56377
50671
56383
50683
56393
50707
56401
50723
56417
50741
56431
50753
56437
50767
56443
50773
56453
50777
56467
50789
56473
50821
56477
50833
56479
50839
56489
50849
56501
50857
56503
50867
56509
50873
56519
50891
56527
50893
56531
50909
56533
50923
56543
50929
56569
50951
56591
50957
56597
50969
56599
50971
56611
50989
56629
50993
56633
51001
56659
51031
56663
51043
56671
51047
56681
51059
56687
51061
56701
51071
56711
51109
56713
51131
56731
51133
56737
51137
56747
51151
56767
51157
56773
51169
56779
51193
56783
51197
56807
51199
62501
51203
56809
62507
51217
62533
51229
56813
51239
62539
51241
56821
51257
62549
51263
62563
51283
56827
51287
62581
51307
62591
51329
56843
51341
62597
51343
62603
51347
56857
51349
62617
56873
51361
62627
51383
56891
51407
62633
51413
56893
51419
56897
51421
56909
62639
51427
62653
51431
62659
51437
56911
62683
51439
62687
51449
56921
51461
56923
62701
51473
56929
51479
56941
51481
56951
51487
56957
51503
56963
51511
56983
51517
56989
51521
56993
51539
51551
56999
51563
57037
51577
62723
57041
51581
62731
51593
57047
51599
62743
57059
51607
57073
51613
68767
62753
51631
57077
68771
51637
62761
68777
51647
68791
62773
68813
62791
51659
68819
51673
62801
68821
51679
68863
51683
68879
57089
51691
68881
51713
57097
68891
51719
62819
68897
57107
51721
68899
51749
57119
68903
51767
68909
51769
68917
62827
68927
51787
57131
68947
51797
57139
68963
57143
51803
57149
68993
51817
69001
51827
69011
51829
57163
57173
51839
57179
51853
69019
51859
62851
51869
69029
51871
62861
51893
62869
51899
69031
51907
57191
51913
62873
51929
57193
51941
57203
62897
51949
57221
62903
51971
62921
57223
51973
57241
51977
62927
51991
62929
57251
69061
52009
69067
52021
62939
69073
52027
69109
62969
52051
69119
52057
57259
52067
69127
52069
57269
52081
57271
62971
52103
69143
52121
69149
57283
69151
62981
52127
69163
52147
69191
57287
52153
69193
57301
69197
62983
57329
52163
57331
52177
57347
52181
69203
52183
57349
62987
52189
57367
52201
62989
52223
57373
52237
57383
52249
57389
63029
52253
69221
57397
52259
69233
52267
69239
57413
69247
57427
52289
69257
57457
52291
69259
52301
57467
52313
57487
69263
52321
63031
69313
52361
69317
57493
52363
63059
57503
63067
69337
52369
69341
63073
69371
57527
52379
63079
69379
57529
52387
63097
52391
69383
52433
69389
52453
63103
52457
63113
69401
57557
52489
63127
69403
52501
69427
52511
69431
63131
69439
63149
69457
52517
69463
57559
69467
63179
52529
69473
52541
69481
52543
63197
52553
63199
52561
69491
52567
69493
57571
69497
52571
57587
52579
57593
69499
52583
57601
69539
52609
57637
69557
57641
69593
63211
69623
52627
63241
69653
63247
69661
63277
69677
63281
57649
63299
69691
63311
57653
63313
52631
75011
69697
57667
63317
57679
52639
63331
57689
63337
52667
57697
69709
57709
63347
69737
75013
57713
75017
52673
57719
69739
63353
63361
52691
57727
75029
69761
57731
63367
75037
69763
57737
75041
57751
63377
69767
57773
69779
75079
69809
57781
69821
75083
69827
52697
69829
75109
52709
75133
52711
69833
52721
57787
52727
69847
75149
69857
52733
75161
69859
52747
75167
69877
69899
57791
69911
63389
75169
52757
63391
52769
75181
52783
69929
52807
69931
52813
69941
52817
69959
52837
69991
52859
75193
52861
63397
57793
63409
57803
75209
63419
57809
75211
57829
52879
57839
52883
57847
75217
75223
75227
57853
75239
52889
57859
63421
57881
52901
69997
52903
57899
52919
70001
57901
70003
75253
70009
63439
52937
70019
63443
52951
63463
70039
63467
57917
52957
57923
70051
52963
57943
52967
75269
52973
57947
75277
52981
63473
70061
57973
75289
57977
52999
57991
75307
53003
58013
81281
58027
63487
53017
70067
75323
53047
70079
53051
70099
53069
70111
81283
75329
53077
58031
75337
53087
75347
63493
53089
70117
58043
70121
53093
58049
70123
53101
81293
53113
63499
75353
70139
63521
75367
63527
70141
75377
58057
70157
75389
58061
58067
75391
81299
58073
70163
75401
63533
75403
53117
63541
75407
63559
53129
63577
81307
75431
58099
53147
70177
58109
63587
70181
53149
63589
53161
58111
63599
70183
53171
63601
70199
53173
63607
53189
63611
70201
63617
53197
63629
58129
75437
58147
81331
58151
81343
87509
58153
81349
87511
75479
81353
63647
58169
87517
53201
81359
58171
63649
58189
75503
58193
70207
75511
58199
63659
70223
58207
63667
58211
63671
70229
63689
70237
63691
53231
70241
87523
75521
70249
81371
75527
70271
81373
75533
70289
53233
87539
70297
81401
75539
53239
58217
81409
87541
58229
81421
58231
87547
81439
70309
58237
53267
87553
70313
87557
63697
87559
70321
63703
87583
63709
87587
58243
75541
63719
87589
75553
63727
75557
87613
63737
53269
75571
63743
75577
63761
70327
81457
87623
70351
81463
87629
58271
81509
87631
81517
75583
63773
81527
70373
87641
63781
81533
87643
58309
70379
58313
53279
81547
53281
87649
53299
63793
53309
87671
75611
87679
58321
75617
87683
58337
75619
58363
87691
70381
75629
70393
81551
58367
81553
58369
87697
63799
93761
87701
53323
93763
87719
70423
75641
87721
81559
75653
63803
75659
63809
75679
53327
93787
53353
75683
63823
75689
53359
58379
53377
75703
70429
75707
81563
75709
81569
93809
81611
81619
63839
58391
53381
75721
87739
58393
53401
87743
75731
53407
70439
87751
75743
58403
93811
75767
81629
93827
58411
81637
75773
81647
63841
93851
87767
63853
75781
58417
75787
53411
58427
70451
58439
53419
75793
93871
53437
53441
70457
58441
63857
75797
53453
63863
87793
93887
70459
58451
70481
58453
75821
63901
93889
75833
93893
63907
87797
81649
87803
70487
58477
53479
75853
93901
75869
75883
75913
93911
53503
63913
70489
53507
63929
70501
87811
58481
75931
53527
70507
58511
81667
93913
87833
53549
70529
58537
53551
63949
70537
53569
87853
58543
70549
58549
93923
70571
87869
70573
87877
75937
87881
70583
75941
87887
70589
58567
81671
58573
93937
75967
87911
81677
58579
93941
58601
81689
70607
63977
75979
58603
93949
70619
53591
75983
81701
53593
81703
58613
53597
81707
58631
53609
81727
53611
58657
81737
75989
93967
70621
87917
75991
58661
93971
58679
81749
75997
53617
87931
53623
76001
87943
76003
53629
87959
76031
58687
81761
53633
63997
87961
64007
81769
70627
58693
93979
87973
64013
76039
93983
53639
58699
93997
53653
58711
94007
58727
70639
81773
64019
53657
64033
53681
70657
76079
94009
76081
58733
53693
58741
53699
64037
58757
64063
53717
76091
70663
76099
81799
53719
87977
94033
53731
81817
53759
81839
94049
81847
94057
53773
94063
81853
87991
81869
94079
81883
58763
70667
58771
64067
58787
64081
70687
58789
64091
70709
58831
64109
53777
58889
64123
58897
64151
53783
58901
64153
94099
53791
94109
76103
88001
94111
88003
76123
88007
76129
94117
88019
94121
53813
94151
88037
81899
94153
81901
64157
58907
53819
76147
94169
88069
76157
70717
94201
76159
88079
94207
76163
88093
70729
53831
64171
81919
94219
58909
94229
76207
94253
58913
94261
76213
58921
76231
81929
64187
76243
53849
70753
94273
64189
58937
88117
64217
70769
76249
64223
53857
81931
53861
81937
53881
88129
64231
94291
53887
58943
94307
76253
94309
58963
94321
58967
81943
58979
58991
94327
58997
88169
76259
88177
53891
88211
70783
53897
88223
53899
70793
81953
53917
88237
59009
64237
76261
88241
59011
76283
81967
76289
64271
88259
53923
59021
53927
64279
88261
53939
64283
53951
64301
88289
64303
70823
59023
70841
94331
88301
76303
53959
81971
59029
70843
94343
64319
70849
59051
64327
94349
59053
64333
94351
59063
64373
76333
88321
64381
88327
76343
53987
94379
59069
94397
81973
64399
70853
88337
82003
64403
82007
88339
82009
64433
88379
53993
64439
82013
88397
59077
76367
82021
54001
94399
76369
88411
76379
54011
59083
94421
76387
94427
59093
76403
59107
76421
59113
88423
76423
70867
94433
54013
70877
88427
94439
70879
59119
70891
94441
59123
70901
59141
70913
59149
82031
54037
88463
82037
59159
54049
59167
64451
59183
54059
76441
88469
76463
70919
76471
64453
94447
82039
76481
64483
59197
82051
64489
88471
76487
94463
64499
94477
59207
70921
54083
59209
82067
59219
54091
59221
54101
59233
54121
70937
54133
59239
54139
76493
88493
54151
82073
54163
76507
59243
94483
54167
76511
54181
59263
76519
54193
76537
59273
70949
59281
54217
64513
88499
54251
64553
54269
64567
54277
64577
82129
64579
59333
70951
64591
94513
76541
88513
76543
82139
88523
82141
64601
94529
59341
88547
54287
64609
70957
54293
64613
54311
76561
54319
76579
54323
64621
54331
54347
94531
54361
70969
94541
54367
94543
54371
94547
82153
94559
54377
76597
59351
70979
76603
70981
59357
94561
64627
94573
64633
94583
59359
70991
88589
70997
76607
64661
82163
76631
70999
82171
76649
64663
82183
76651
64667
76667
82189
76673
82193
64679
82207
64693
59369
64709
76679
59377
82217
54401
71011
54403
82219
71023
54409
71039
54413
76697
59387
54419
82223
76717
54421
94597
54437
76733
94603
71059
94613
71069
64717
94621
76753
71081
88591
94649
71089
88607
76757
94651
88609
76771
94687
88643
94693
76777
88651
94709
76781
88657
94723
76801
94727
88661
76819
82231
54443
82237
76829
82241
88663
64747
94747
88667
59393
64763
94771
88681
59399
64781
94777
88721
94781
64783
59407
64793
71119
88729
54449
71129
64811
54469
71143
54493
88741
54497
64817
82261
54499
94789
54503
94793
76831
54517
88747
64849
88771
94811
76837
64853
59417
76847
64871
59419
82267
88789
94819
82279
94823
76871
71147
94837
76873
94841
71153
76883
94847
94849
76907
94873
64877
71161
94889
64879
54521
59441
88793
82301
94903
54539
71167
54541
76913
88799
64891
88801
59443
88807
64901
59447
88811
59453
88813
64919
54547
88817
71171
88819
54559
71191
54563
88843
54577
88853
54581
88861
54583
88867
82307
71209
88873
71233
82339
71237
59467
71249
59471
82349
71257
59473
82351
59497
71261
59509
71263
59513
71287
59539
71293
88883
64921
64927
54601
64937
59557
76919
94907
59561
76943
59567
76949
59581
76961
76963
64951
59611
82361
71317
82373
71327
59617
71329
82387
71333
59621
71339
59627
64969
71341
94933
64997
54617
59629
65003
59651
65011
54623
59659
94949
59663
71347
59669
76991
59671
82393
77003
59693
82421
88897
82457
59699
71353
77017
94951
65027
54629
88903
94961
82463
65029
94993
82469
77023
94999
82471
77029
95003
77041
59707
77047
95009
65033
59723
71359
65053
95021
54631
65063
59729
71363
88919
77069
88937
54647
59743
95027
54667
82483
54673
95063
82487
54679
82493
54709
82499
54713
59747
65071
59753
54721
95071
54727
95083
71387
95087
77081
59771
88951
54751
82507
71389
54767
71399
54773
71411
82529
54779
95089
54787
82531
71413
82549
77093
71419
77101
71429
77137
82559
59779
82561
77141
82567
88969
65089
71437
88993
65099
82571
88997
54799
95093
65101
89003
77153
65111
89009
65119
59791
82591
65123
82601
65129
59797
54829
95101
65141
77167
54833
65147
77171
54851
65167
89017
82609
77191
71443
89021
59809
95107
89041
65171
95111
77201
82613
65173
77213
82619
77237
82633
77239
65179
77243
95131
65183
82651
77249
65203
95143
54869
77261
95153
59833
65213
95177
77263
59863
95189
65239
89051
59879
54877
65257
71453
95191
54881
71471
95203
71473
95213
54907
95219
82657
71479
65267
82699
59887
71483
82721
71503
82723
71527
95231
82727
82729
65269
77267
95233
65287
77269
65293
95239
77279
71537
89057
95257
71549
95261
54917
95267
54919
95273
71551
54941
95279
71563
65309
95287
59921
71569
89069
71593
71597
65323
71633
95311
82757
71647
95317
82759
95327
71663
82763
65327
82781
77291
82787
54949
82793
54959
82799
71671
65353
82811
71693
82813
71699
82837
77317
71707
82847
71711
89071
71713
82883
89083
71719
82889
71741
89087
71761
59929
71777
77323
59951
71789
95339
65357
71807
95369
65371
71809
65381
71821
77339
82891
95383
54973
82903
95393
82913
95401
54979
82939
95413
89101
82963
95419
54983
95429
82981
55001
82997
55009
95441
83003
77347
89107
77351
59957
89113
89119
65393
95443
65407
55021
77359
65413
95461
77369
83009
65419
77377
65423
95467
77383
83023
65437
95471
65447
71837
65449
59971
55049
95479
89123
77417
59981
55051
71843
95483
65479
77419
83047
95507
77431
65497
83059
83063
89137
55057
77447
59999
89153
65519
95527
71849
55061
83071
89189
55073
83077
71861
95531
71867
89203
71879
83089
65521
60013
83093
65537
83101
65539
60017
83117
60029
89209
83137
60037
55079
71881
83177
71887
95539
89213
83203
71899
89227
55103
71909
89231
77471
71917
60041
77477
71933
60077
77479
71941
55109
71947
77489
83207
77491
55117
60083
77509
60089
55127
83219
55147
95549
89237
60091
65543
89261
60101
89269
60103
89273
65551
89293
83221
77513
55163
95561
55171
77521
55201
89303
55207
71963
55213
77527
83227
65557
60107
83231
65563
83233
65579
83243
65581
55217
89317
95569
95581
77543
65587
55219
95597
71971
83257
55229
83267
55243
71983
55249
83269
71987
60127
83273
95603
83299
60133
89329
83311
60139
83339
55259
89363
95617
55291
60149
89371
55313
60161
89381
60167
89387
60169
89393
60209
95621
65599
89399
95629
71993
77549
55331
71999
77551
72019
77557
55333
95633
77563
65609
55337
89413
95651
60217
77569
83341
89417
72031
89431
72043
89443
83357
77573
65617
89449
77587
72047
65629
55339
77591
65633
55343
77611
65647
95701
77617
95707
60223
77621
89459
60251
65651
55351
72053
89477
55373
72073
60257
89491
55381
60259
89501
55399
89513
60271
55411
72077
55439
95713
60289
83383
77641
55441
65657
77647
83389
65677
55457
65687
77659
65699
77681
65701
55469
60293
72089
83399
55487
72091
83401
72101
77687
83407
72103
55501
72109
83417
55511
72139
55529
72161
60317
83423
72167
55541
77689
72169
55547
72173
77699
55579
72211
77711
60331
77713
65707
72221
77719
72223
77723
60337
77731
72227
60343
72229
60353
72251
60373
77743
65713
72253
77747
72269
60383
72271
77761
95717
89519
77773
55589
77783
89521
65717
77797
72277
89527
77801
89533
77813
72287
60397
77839
65719
89561
83431
65729
83437
65731
83443
89563
95723
89567
72307
77849
72313
77863
72337
77867
60413
89591
60427
77893
60443
65761
72341
77899
60449
72353
89597
72367
89599
55603
72379
89603
77929
89611
95731
72383
55609
83449
95737
72421
95747
77933
89627
55619
83459
95773
55621
83471
55631
95783
60457
72431
83477
77951
89633
55633
60493
72461
95789
60497
72467
65777
89653
55639
95791
60509
77969
55661
95801
77977
60521
77983
72469
77999
60527
72481
78007
83497
72493
55663
60539
72497
55667
60589
72503
55673
95803
55681
72533
65789
60601
89657
65809
89659
65827
89669
83537
72547
78017
72551
89671
72559
89681
78031
65831
83557
72577
78041
95813
72613
55691
78049
60607
55697
60611
55711
89689
72617
95819
83561
65837
60617
95857
72623
78059
55717
72643
89753
72647
95869
78079
60623
83563
95873
78101
95881
83579
78121
95891
78137
95911
83591
78139
65839
83597
72649
65843
55721
83609
95917
55733
95923
83617
95929
83621
55763
83639
95947
65851
95957
83641
95959
65867
83653
55787
83663
55793
95971
83689
89759
95987
83701
95989
60631
89767
96001
89779
96013
60637
78157
83717
60647
83719
96017
78163
72661
60649
65881
60659
72671
65899
60661
65921
72673
60679
89783
78167
83737
65927
78173
55799
60689
72679
96043
60703
83761
96053
72689
83773
96059
72701
83777
72707
60719
83791
65929
83813
96079
89797
83833
96097
83843
60727
55807
89809
60733
83857
55813
83869
55817
83873
55819
78179
89819
60737
55823
78191
83891
55829
60757
55837
65951
55843
65957
60761
78193
72719
83903
65963
72727
60763
78203
89821
60773
78229
89833
60779
89839
60793
78233
96137
65981
60811
96149
55849
83911
96157
89849
96167
55871
89867
55889
96179
89891
72733
96181
55897
96199
55901
89897
96211
55903
89899
96221
60821
55921
96223
83921
96233
65983
83933
65993
96259
55927
66029
96263
60859
55931
72739
78241
55933
60869
78259
55949
78277
89909
55967
83939
60887
72763
78283
72767
96269
78301
83969
66037
78307
66041
83983
66047
96281
78311
96289
72797
66067
78317
89917
55987
78341
55997
89923
78347
56003
66071
96293
83987
60889
96323
84011
96329
60899
84017
78367
72817
89939
66083
72823
60901
66089
56009
84047
60913
78401
84053
78427
84059
60917
84061
78437
66103
56039
96331
60919
56041
96337
60923
89959
96353
60937
96377
60943
89963
96401
60953
96419
60961
56053
96431
61001
96443
72859
78439
96451
78467
72869
96457
78479
61007
96461
66107
96469
78487
61027
96479
84067
96487
66109
72871
61031
84089
72883
78497
89977
72889
78509
72893
78511
72901
89983
66137
72907
66161
72911
66169
72923
66173
72931
96493
72937
84121
66179
61043
56081
89989
61051
66191
56087
84127
66221
61057
90001
66239
84131
96497
61091
72949
90007
78517
56093
66271
56099
78539
56101
78541
56113
66293
90011
66301
96517
84137
78553
84143
78569
84163
78571
72953
66337
78577
72959
78583
61099
78593
66343
78607
61121
66347
96527
66359
78623
72973
78643
72977
78649
72997
90017
66361
96553
66373
90019
96557
78653
66377
96581
78691
96587
78697
66383
90023
66403
96589
73009
61129
66413
90031
84179
56123
96601
90053
73013
56131
96643
56149
96661
56167
96667
84181
56171
90059
84191
73019
61141
96671
61151
73037
61153
73039
96697
84199
96703
90067
66431
90071
61169
78707
90073
61211
56179
84211
78713
56197
66449
61223
96731
90089
73043
96737
90107
96739
73061
96749
61231
90121
96757
73063
96763
84221
96769
73079
84223
73091
90127
84229
96779
84239
90149
96787
84247
96797
61253
73121
61261
66457
61283
90163
66463
56207
66467
61291
90173
56209
61297
90187
78721
90191
61331
90197
56237
78737
56239
96799
78779
90199
73127
66491
90203
66499
90217
73133
84263
73141
66509
84299
78781
61333
84307
61339
84313
61343
73181
61357
73189
84317
61363
78787
84319
61379
84347
61381
96821
61403
61409
61417
78791
61441
73237
56249
90227
84349
90239
73243
84377
90247
84389
90263
84391
73259
84401
61463
73277
90271
66523
73291
90281
66529
73303
66533
61469
66541
73309
66553
90289
73327
66569
96823
73331
96827
66571
78797
96847
78803
96851
78809
96857
66587
78823
66593
96893
66601
61471
84407
73351
61483
78839
96907
61487
90313
96911
61493
66617
96931
61507
96953
61511
96959
66629
96973
66643
90353
61519
66653
90359
61543
66683
61547
84421
66697
90371
84431
90373
66701
84437
90379
96979
84443
78853
84449
66713
78857
84457
78877
66721
78887
90397
78889
96989
90401
96997
78893
90403
97001
90407
66733
84463
90437
66739
90439
97003
90469
66749
90473
66751
90481
97007
61553
73361
90499
97021
66763
90511
97039
66791
90523
61559
90527
73363
97073
84467
66797
97081
84481
66809
84499
66821
78901
84503
66841
73369
84509
66851
73379
66853
84521
73387
66863
84523
90529
84533
61561
84551
90533
61583
84559
61603
78919
73417
97103
90547
66877
97117
73421
84589
97127
73433
97151
78929
66883
97157
90583
66889
97159
78941
66919
97169
66923
78977
66931
97171
66943
78979
97177
66947
97187
90599
66949
97213
84629
90617
97231
73453
84631
97241
90619
73459
97259
73471
97283
90631
66959
97301
61609
78989
90641
61613
90647
79031
61627
61631
79039
61637
84649
90659
66973
84653
90677
66977
79043
97303
67003
79063
67021
90679
67033
73477
67043
90697
73483
67049
90703
73517
67057
73523
79087
73529
61643
90709
97327
67061
90731
97367
67073
90749
97369
79103
84659
90787
97373
84673
97379
90793
61651
84691
97381
67079
73547
97387
79111
97397
79133
73553
97423
79139
61657
79147
90803
84697
79151
97429
84701
67103
79153
67121
79159
67129
84713
67139
79181
61667
79187
97441
79193
97453
73561
61673
73571
90821
67141
97459
84719
79201
97463
84731
79229
97499
84737
97501
84751
90823
73583
67153
97511
90833
79231
67157
73589
79241
84761
79259
67169
84787
79273
84793
79279
67181
79283
84809
73597
84811
61681
79301
73607
84827
79309
97523
79319
90841
79333
97547
79337
90847
97549
90863
67187
97553
90887
67189
90901
67211
90907
67213
90911
84857
97561
84859
67217
61687
67219
73609
67231
61703
73613
84869
97571
67247
97577
67261
97579
67271
97583
67273
73637
79349
67289
79357
84871
97607
67307
84913
79367
67339
90917
67343
84919
67349
79379
90931
67369
79393
84947
67391
90947
79397
61717
73643
90971
61723
73651
61729
90977
61751
97609
73673
79399
97613
79411
73679
97649
79423
61757
79427
73681
90989
73693
79433
84961
79451
90997
73699
84967
67399
73709
79481
97651
73721
79493
91009
84977
61781
73727
61813
84979
61819
97673
73751
97687
61837
73757
67409
84991
67411
85009
91019
67421
97711
67427
91033
61843
67429
61861
97729
61871
79531
73771
79537
67433
61879
79549
67447
97771
85021
91079
67453
85027
97777
91081
97787
91097
79559
85037
67477
73783
85049
79561
85061
73819
67481
73823
85081
67489
61909
79579
73847
61927
73849
97789
73859
61933
97813
73867
61949
67493
91099
67499
61961
67511
85087
91121
85091
91127
67523
91129
67531
91139
73877
79589
73883
79601
73897
61967
73907
79609
73939
79613
61979
73943
79621
61981
91141
79627
73951
85093
67537
97829
85103
67547
97841
85109
67559
97843
85121
79631
91151
97847
85133
61987
91153
61991
91159
97849
91163
97859
62003
73961
85147
91183
97861
91193
67567
91199
67577
97871
79633
67579
97879
97883
62011
91229
97919
91237
62017
97927
91243
62039
91249
62047
91253
62053
91283
79657
91291
97931
85159
91297
73973
91303
85193
79669
85199
85201
85213
85223
97943
62057
97961
85229
91309
85237
97967
85243
97973
85247
73999
67589
74017
85259
74021
97987
74027
85297
74047
79687
74051
79691
74071
85303
74077
85313
79693
98009
62071
79697
85331
79699
98011
85333
79757
98017
85361
74093
98041
91331
79769
62081
85363
79777
62099
85369
62119
74099
85381
62129
74101
85411
74131
62131
79801
74143
67601
79811
85427
74149
85429
67607
85439
67619
74159
67631
85447
74161
85451
91367
79813
67651
74167
98047
67679
79817
98057
67699
98081
67709
98101
79823
98123
74177
67723
79829
98129
67733
79841
98143
67741
62137
79843
74189
67751
98179
67757
74197
67759
74201
67763
74203
85453
98207
74209
91369
67777
74219
67783
74231
91373
74257
79847
67789
91381
74279
62141
91387
74287
62143
74293
98213
74297
62171
98221
79861
67801
98227
62189
85469
98251
74311
98257
85487
98269
85513
98297
85517
98299
85523
67807
74317
85531
62191
74323
85549
62201
74353
85571
62207
74357
85577
67819
85597
74363
91393
62213
67829
79867
62219
98317
79873
62233
79889
62273
98321
62297
79901
62299
79903
62303
79907
62311
79939
62323
91397
62327
67843
74377
62347
67853
62351
98323
67867
98327
62383
67883
67891
62401
74381
62417
98347
62423
79943
98369
74383
62459
98377
79967
85601
98387
74411
85607
98389
74413
85619
91411
85621
98407
85627
67901
91423
85639
67927
98411
85643
91433
62467
85661
62473
85667
62477
91453
62483
74419
85669
62497
85691
67931
79973
85703
67933
85711
79979
85717
67939
79987
85733
67943
85751
67957
79997
85781
67961
98419
67967
79999
80021
74441
80039
91457
80051
74449
91459
80071
74453
80077
91463
74471
85793
74489
91493
85817
98429
80107
85819
67979
80111
74507
91499
80141
67987
91513
80147
74509
91529
80149
74521
91541
74527
80153
67993
91571
68023
91573
80167
68041
74531
80173
98443
80177
68053
98453
74551
98459
80191
98467
68059
85829
98473
85831
98479
85837
68071
74561
85843
74567
68087
85847
98491
74573
68099
91577
98507
68111
91583
98519
91591
68113
91621
68141
91631
98533
91639
68147
91673
98543
91691
68161
98561
91703
74587
98563
91711
98573
74597
85853
91733
74609
85889
98597
74611
91753
85903
80207
91757
80209
74623
91771
85909
91781
80221
91801
74653
91807
85931
68171
91811
74687
91813
68207
85933
91823
68209
91837
68213
85991
68219
91841
68227
98621
68239
91867
98627
74699
91873
85999
74707
80231
86011
74713
86017
74717
80233
74719
86027
74729
80239
74731
91909
86029
74747
68261
86069
74759
86077
98639
74761
86083
68279
86111
74771
86113
74779
86117
68281
74797
68311
74821
86131
74827
86137
98641
74831
86143
98663
91921
68329
80251
68351
86161
68371
74843
68389
98669
74857
68399
74861
98689
74869
98711
68437
80263
74873
68443
86171
68447
74887
68449
86179
74891
86183
68473
86197
68477
74897
91939
86201
68483
91943
98713
91951
98717
91957
68489
68491
91961
68501
98729
91967
86209
68507
91969
80273
68521
80279
91997
68531
80287
92003
80309
92009
80317
92033
80329
92041
86239
92051
74903
80341
74923
80347
74929
92077
74933
92083
68539
80363
92107
80369
92111
98731
80387
68543
92119
92143
68567
92153
80407
74941
86243
74959
86249
80429
86257
92173
86263
68581
86269
92177
86287
98737
86291
92179
86293
92189
86297
98773
86311
98779
86323
92203
80447
68597
98801
92219
98807
86341
98809
86351
92221
86353
98837
98849
86357
98867
86369
92227
80449
86371
92233
98869
86381
98873
80471
86389
98887
86399
80473
98893
86413
68611
86423
92237
86441
80489
86453
92243
80491
86461
92251
86467
92269
86477
68633
86491
92297
80513
92311
86501
92317
98897
68639
92333
98899
68659
98909
92347
98911
92353
98927
80527
98929
98939
86509
98947
68669
86531
98953
86533
98963
86539
80537
98981
68683
98993
92357
98999
86561
92363
99013
86573
99017
92369
99023
92377
68687
99041
68699
99053
80557
92381
99079
92383
99083
80567
92387
99089
80599
86579
99103
86587
99109
80603
99119
80611
68711
86599
99131
68713
99133
68729
86627
80621
99137
86629
80627
68737
99139
80629
99149
92399
99173
80651
92401
99181
80657
99191
80669
99223
80671
99233
68743
99241
86677
99251
86689
80677
92413
99257
92419
80681
99259
92431
80683
92459
80687
92461
86693
99277
92467
86711
99289
92479
86719
92489
86729
92503
80701
80713
92507
80737
92551
99317
68749
86743
80747
99347
86753
80749
99349
86767
99367
86771
80761
99371
86783
99377
80777
99391
86813
99397
86837
99401
92557
86843
99409
92567
86851
99431
92569
86857
92581
86861
99439
92593
86869
92623
80779
86923
92627
80783
86927
92639
80789
86929
80803
86939
80809
86951
80819
99469
80831
86959
80833
86969
80849
92641
86981
80863
99487
92647
80897
92657
80909
86993
92669
80911
87011
80917
87013
99497
80923
92671
99523
80929
99527
80933
92681
80953
92683
87037
80963
99529
80989
87041
81001
87049
99551
87071
99559
92693
87083
92699
87103
92707
87107
99563
81013
87119
99571
92717
87121
92723
87133
87149
87151
87179
87181
87187
87211
87221
87223
87251
87253
87257
87277
87281
87293
87299
87313
99577
87317
81017
99581
92737
87323
99607
81019
87337
99611
92753
87359
99623
87383
99643
92761
99661
81023
92767
81031
99667
81041
87403
99679
92779
81043
99689
81047
92789
99707
81049
99709
81071
99713
87407
81077
99719
81083
99721
81097
99733
81101
99761
81119
81131
92791
99767
81157
92801
81163
87421
99787
81173
99793
81181
92809
99809
81197
92821
81199
87427
81203
99817
81223
92831
81233
99823
81239
92849
99829
87433
99833
87443
92857
87473
99839
87481
99859
87491
92861
99871
92863
99877
92867
99881
92893
99901
92899
99907
92921
99923
92927
99929
92941
99961
92951
99971
92957
99989
92959
99991
92987
92993
93001
93047
93053
93059
93077
93083
93089
93097
93103
93113
93131
93133
93139
93151
93169
93179
93187
93199
93229
93239
93241
93251
93253
93257
93263
93281
93283
93287
93307
93319
93323
93329
93337
93371
93377
93383
93407
93419
93427
93463
93479
93481
93487
93491
93493
93497
93503
93523
93529
93553
93557
93559
93563
93581
93601
93607
93629
93637
93683
93701
93703
93719
93739
